#

SetTime 90

Enemy0 4 200 0 80 256 0 128

Enemy0 6 200 0 80 256 0 128
Enemy0 6.5 200 0 80 256 0 128
Enemy0 7 200 0 80 256 0 128
Enemy0 7.5 200 0 80 256 0 128

Enemy1 10 800 150 -180 0 0 1
Enemy1 10.5 800 150 -180 0 0 1
Enemy1 11 800 150 -180 0 0 1
Enemy1 11.5 800 150 -180 0 0 1
Enemy1 12 800 150 -180 0 0 1
Enemy1 12.5 800 150 -180 0 0 1

Enemy1 14 600 0 0 180 -1 0
Enemy1 14.5 600 0 0 180 -1 0
Enemy1 15 600 0 0 180 -1 0
Enemy1 15.5 600 0 0 180 -1 0

Enemy1 14 200 -30 0 180 1 0
Enemy1 14.5 200 -30 0 180 1 0
Enemy1 15 200 -30 0 180 1 0
Enemy1 15.5 200 -30 0 180 1 0

Enemy3 20 400 0 0 60

Enemy0 32 600 0 -80 256 0 128
Enemy0 32.5 600 0 -80 256 0 128
Enemy0 33 600 0 -80 256 0 128
Enemy0 33.5 600 0 -80 256 0 128

Enemy0 35 200 0 80 256 0 128
Enemy0 35.5 200 0 80 256 0 128
Enemy0 36 200 0 80 256 0 128
Enemy0 36.5 200 0 80 256 0 128


Enemy0 41 600 0 -80 256 0 128
Enemy0 42.5 200 0 80 256 0 128
Enemy0 44 600 0 -80 256 0 128

Enemy1 44 800 150 -180 0 0 1
Enemy1 44.5 0 50 180 0 0 1

Enemy1 45 800 150 -180 0 0 1
Enemy1 45.5 0 50 180 0 0 1

Enemy0 45.5 200 0 80 256 0 128

Enemy1 46 800 150 -180 0 0 1
Enemy1 46.5 0 50 180 0 0 1

Enemy0 47 600 0 -80 256 0 128

Enemy1 47 800 150 -180 0 0 1
Enemy1 47.5 0 50 180 0 0 1

Enemy0 48.5 200 0 80 256 0 128

Enemy2 52 -30 400 3

Enemy2 64 -50 0 3
Enemy2 64 850 0 3

Enemy0 68 200 0 80 256 0 128
Enemy0 68.5 200 0 80 256 0 128
Enemy0 69 200 0 80 256 0 128
Enemy0 69.5 200 0 80 256 0 128

Enemy0 70.5 600 0 -80 256 0 128
Enemy0 71 600 0 -80 256 0 128
Enemy0 71.5 600 0 -80 256 0 128
Enemy0 72 600 0 -80 256 0 128

Enemy3 76 600 0 0 60
Enemy3 78 200 0 0 60
Enemy3 80 400 0 0 60

Enemy1 75 50 0 0 180 1 0
Enemy1 75.5 750 0 0 180 -1 0
Enemy1 76 50 0 0 180 1 0
Enemy1 76.5 750 0 0 180 -1 0
Enemy1 77 50 0 0 180 1 0
Enemy1 77.5 750 0 0 180 -1 0
Enemy1 78 50 0 0 180 1 0
Enemy1 78.5 750 0 0 180 -1 0
Enemy1 79 50 0 0 180 1 0
Enemy1 79.5 750 0 0 180 -1 0
Enemy1 80 50 0 0 180 1 0
Enemy1 80.5 750 0 0 180 -1 0

Enemy4 85 400 0 18 12